# DESCRIPTION: Verilator output: Timestamp data for --skip-identical.  Delete at will.
C "--cc top.sv"
S  10697968    67525  1759855266   224262119  1759855266   224262119 "/usr/local/bin/verilator_bin"
S      2126    73057  1764710439   192916343  1764710439   192916343 "ALU.sv"
S      6089    73435  1764717728   834859685  1764717728   834859685 "controlunit.sv"
S      1014    94595  1764717650   942737895  1764717650   942737895 "data_mem.sv"
S      1034    78347  1764716621   462643152  1764716621   462643152 "data_mem_i.sv"
S      1863    78349  1764716530   620311290  1764716530   620311290 "data_mem_o.sv"
S      1108    78351  1764717511   883693622  1764717511   883693622 "data_mem_top.sv"
S      1439    73440  1764717410   960779601  1764717410   960779601 "decode.sv"
S      1719    78551  1764717347   671273322  1764717347   671273322 "execute.sv"
S       961    73070  1764065581   953373315  1764065581   953373315 "extend.sv"
S      1102    68199  1764717212   305306725  1764717212   305306725 "fetch.sv"
S       549    78353  1764717188   291220865  1764717188   291220865 "instrmem.sv"
S       985    78554  1764715410   781265139  1764715410   781265139 "memoryblock.sv"
S       249    73071  1764064766   219331895  1764064766   219331895 "mux.sv"
T      2652    94604  1764717744    51669276  1764717744    51669276 "obj_dir/Vtop.cpp"
T      2540    94603  1764717744    51669276  1764717744    51669276 "obj_dir/Vtop.h"
T      1477    94610  1764717744    59276531  1764717744    59276531 "obj_dir/Vtop.mk"
T    108236    94602  1764717744    51669276  1764717744    51669276 "obj_dir/Vtop__ConstPool_0.cpp"
T       738    94600  1764717744    47865648  1764717744    47865648 "obj_dir/Vtop__Syms.cpp"
T       893    94601  1764717744    47865648  1764717744    47865648 "obj_dir/Vtop__Syms.h"
T      1614    94605  1764717744    55472903  1764717744    55472903 "obj_dir/Vtop___024root.h"
T     26403    94608  1764717744    55472903  1764717744    55472903 "obj_dir/Vtop___024root__DepSet_heccd7ead__0.cpp"
T     21883    94607  1764717744    55472903  1764717744    55472903 "obj_dir/Vtop___024root__DepSet_heccd7ead__0__Slow.cpp"
T       608    94606  1764717744    55472903  1764717744    55472903 "obj_dir/Vtop___024root__Slow.cpp"
T       584    94613  1764717744    59276531  1764717744    59276531 "obj_dir/Vtop__ver.d"
T         0        0  1764717744    59276531  1764717744    59276531 "obj_dir/Vtop__verFiles.dat"
T      1571    94609  1764717744    55472903  1764717744    55472903 "obj_dir/Vtop_classes.mk"
S       999    73418  1764092187   539324318  1764092187   539324318 "pc_module.sv"
S      1167    73433  1764095857   841155401  1764095857   841155401 "regfile.sv"
S      3156    73008  1764717465     2600421  1764717465     2600421 "top.sv"
S       664    78555  1764707063   225343259  1764707063   225343259 "writeback.sv"
